1202297458328350781
1202297453739511838
1202297445527064636
1202297440535842857
1202297435594952784
1202294719934107749
1202294615320043570
1202294607006928906
1202294539386376202
1202294531446276146
1202294501511790633
1202294493202878465
1202294442472509511
1202294437296996422
1202294103807897710
1202294032945139793
1202294027500658729
1202294017614680105
1202294011696791584
1202294002372583495
1202293997155135568
1202293313583980575
1202293234232197150
1202293204729479198
1202293180176011265
1202293145598169098
1202293126996164629
1202293105592905740
1202293082419384422
1202293052451078206
1202292300433326151
1202291984245731398
1202298466618060910
1202298461676896286
1202298454051934219
1202298449706614794
1202298445063258183
1202298485228179577
1202298492676997160
1202298615070982194
1202298627608018974
1202299147248746557
1202299147248746557
1202298627608018974
1202298615070982194
1202298492676997160
1202298485228179577
1202298466618060910
1202298461676896286
1202298454051934219
1202298449706614794
1202298445063258183
1202297458328350781
1202297453739511838
1202297445527064636
1202297440535842857
1202297435594952784
1202294719934107749
1202294615320043570
1202294607006928906
1202294539386376202
1202294531446276146
1202294501511790633
1202294493202878465
1202294442472509511
1202294437296996422
1202294103807897710
1202294032945139793
1202294027500658729
1202294017614680105
1202294011696791584
1202294002372583495
1202293997155135568
1202293313583980575
1202293234232197150
1202293204729479198
1202293180176011265
1202293145598169098
1202293126996164629
1202293105592905740
1202293082419384422
1202293052451078206
1202292300433326151
1202291984245731398
1202299226327875655
1202299221579923596
1202299216513208420
1202299206640087070
1202299201141350460
1202299194459553833
1202299189153767464
1202305077705183302
1202305085632426034
1202305128976093204
1202305136873971773
1202305146546294935
1202305436968030248
1202305447751864340
1202305457063206992
1202305661669756988
1202305670754607166
1202305696008519731
1202305705655414844
1202797568807927878
1202794239038066718
1202342658580943000
